		Response, DN cm$^{-5}$ s$^{-1}$ pix$^{-1}$
T,K	94 131 171 193 211 335

1.0000e+05	2.3113e-35	1.6610e-31	4.7426e-29	6.3290e-29	5.3042e-29	1.0390e-30	
1.0233e+05	3.0592e-35	2.4820e-31	6.0366e-29	8.1283e-29	6.7792e-29	1.2744e-30	
1.0471e+05	4.0510e-35	3.6597e-31	7.6583e-29	1.0356e-28	8.5750e-29	1.5515e-30	
1.0715e+05	5.3649e-35	5.3246e-31	9.6815e-29	1.3089e-28	1.0738e-28	1.8748e-30	
1.0965e+05	7.1012e-35	7.6446e-31	1.2193e-28	1.6418e-28	1.3315e-28	2.2484e-30	
1.1220e+05	9.3882e-35	1.0831e-30	1.5293e-28	2.0442e-28	1.6354e-28	2.6762e-30	
1.1482e+05	1.2388e-34	1.5144e-30	1.9099e-28	2.5273e-28	1.9905e-28	3.1614e-30	
1.1749e+05	1.6304e-34	2.0904e-30	2.3746e-28	3.1036e-28	2.4014e-28	3.7068e-30	
1.2023e+05	2.1389e-34	2.8492e-30	2.9390e-28	3.7876e-28	2.8728e-28	4.3141e-30	
1.2303e+05	2.7954e-34	3.8357e-30	3.6206e-28	4.5955e-28	3.4091e-28	4.9841e-30	
1.2589e+05	3.6389e-34	5.1020e-30	4.4392e-28	5.5462e-28	4.0148e-28	5.7165e-30	
1.2882e+05	4.7179e-34	6.7073e-30	5.4171e-28	6.6611e-28	4.6938e-28	6.5096e-30	
1.3183e+05	6.0921e-34	8.7184e-30	6.5789e-28	7.9648e-28	5.4499e-28	7.3596e-30	
1.3490e+05	7.8369e-34	1.1210e-29	7.9524e-28	9.4855e-28	6.2864e-28	8.2609e-30	
1.3804e+05	1.0048e-33	1.4265e-29	9.5678e-28	1.1255e-27	7.2064e-28	9.2060e-30	
1.4125e+05	1.2848e-33	1.7972e-29	1.1458e-27	1.3312e-27	8.2131e-28	1.0186e-29	
1.4454e+05	1.6401e-33	2.2429e-29	1.3660e-27	1.5696e-27	9.3095e-28	1.1188e-29	
1.4791e+05	2.0928e-33	2.7739e-29	1.6211e-27	1.8455e-27	1.0498e-27	1.2196e-29	
1.5136e+05	2.6735e-33	3.4012e-29	1.9151e-27	2.1639e-27	1.1779e-27	1.3189e-29	
1.5488e+05	3.4258e-33	4.1361e-29	2.2521e-27	2.5302e-27	1.3156e-27	1.4145e-29	
1.5849e+05	4.4125e-33	4.9912e-29	2.6362e-27	2.9504e-27	1.4627e-27	1.5038e-29	
1.6218e+05	5.7260e-33	5.9793e-29	3.0717e-27	3.4304e-27	1.6193e-27	1.5843e-29	
1.6596e+05	7.5023e-33	7.1141e-29	3.5623e-27	3.9766e-27	1.7851e-27	1.6533e-29	
1.6982e+05	9.9423e-33	8.4098e-29	4.1117e-27	4.5949e-27	1.9598e-27	1.7078e-29	
1.7378e+05	1.3342e-32	9.8823e-29	4.7230e-27	5.2913e-27	2.1426e-27	1.7458e-29	
1.7783e+05	1.8136e-32	1.1549e-28	5.3988e-27	6.0710e-27	2.3326e-27	1.7654e-29	
1.8197e+05	2.4955e-32	1.3431e-28	6.1411e-27	6.9388e-27	2.5290e-27	1.7661e-29	
1.8621e+05	3.4704e-32	1.5552e-28	6.9512e-27	7.8982e-27	2.7308e-27	1.7494e-29	
1.9055e+05	4.8667e-32	1.7942e-28	7.8294e-27	8.9519e-27	2.9375e-27	1.7176e-29	
1.9498e+05	6.8643e-32	2.0638e-28	8.7753e-27	1.0101e-26	3.1484e-27	1.6732e-29	
1.9953e+05	9.7112e-32	2.3686e-28	9.7877e-27	1.1343e-26	3.3630e-27	1.6190e-29	
2.0417e+05	1.3745e-31	2.7143e-28	1.0864e-26	1.2677e-26	3.5807e-27	1.5576e-29	
2.0893e+05	1.9417e-31	3.1083e-28	1.2001e-26	1.4094e-26	3.8011e-27	1.4921e-29	
2.1380e+05	2.7324e-31	3.5598e-28	1.3193e-26	1.5583e-26	4.0232e-27	1.4249e-29	
2.1878e+05	3.8237e-31	4.0797e-28	1.4434e-26	1.7131e-26	4.2464e-27	1.3579e-29	
2.2387e+05	5.3147e-31	4.6814e-28	1.5715e-26	1.8720e-26	4.4693e-27	1.2925e-29	
2.2909e+05	7.3293e-31	5.3803e-28	1.7027e-26	2.0327e-26	4.6902e-27	1.2296e-29	
2.3442e+05	1.0021e-30	6.1935e-28	1.8354e-26	2.1921e-26	4.9056e-27	1.1696e-29	
2.3988e+05	1.3576e-30	7.1393e-28	1.9674e-26	2.3460e-26	5.1112e-27	1.1131e-29	
2.4547e+05	1.8218e-30	8.2368e-28	2.0964e-26	2.4905e-26	5.3026e-27	1.0606e-29	
2.5119e+05	2.4207e-30	9.5044e-28	2.2198e-26	2.6211e-26	5.4759e-27	1.0124e-29	
2.5704e+05	3.1845e-30	1.0959e-27	2.3350e-26	2.7339e-26	5.6272e-27	9.6931e-30	
2.6303e+05	4.1474e-30	1.2612e-27	2.4395e-26	2.8251e-26	5.7533e-27	9.3172e-30	
2.6915e+05	5.3478e-30	1.4472e-27	2.5308e-26	2.8919e-26	5.8519e-27	9.0028e-30	
2.7542e+05	6.8275e-30	1.6541e-27	2.6071e-26	2.9326e-26	5.9222e-27	8.7568e-30	
2.8184e+05	8.6317e-30	1.8812e-27	2.6677e-26	2.9468e-26	5.9646e-27	8.5865e-30	
2.8840e+05	1.0808e-29	2.1274e-27	2.7133e-26	2.9364e-26	5.9820e-27	8.4989e-30	
2.9512e+05	1.3406e-29	2.3918e-27	2.7484e-26	2.9069e-26	5.9806e-27	8.5012e-30	
3.0200e+05	1.6478e-29	2.6734e-27	2.7793e-26	2.8646e-26	5.9675e-27	8.5990e-30	
3.0903e+05	2.0074e-29	2.9711e-27	2.8131e-26	2.8158e-26	5.9486e-27	8.7967e-30	
3.1623e+05	2.4246e-29	3.2841e-27	2.8577e-26	2.7662e-26	5.9287e-27	9.0966e-30	
3.2359e+05	2.9042e-29	3.6114e-27	2.9217e-26	2.7203e-26	5.9115e-27	9.4998e-30	
3.3113e+05	3.4511e-29	3.9525e-27	3.0143e-26	2.6825e-26	5.8999e-27	1.0006e-29	
3.3884e+05	4.0698e-29	4.3071e-27	3.1452e-26	2.6555e-26	5.8956e-27	1.0614e-29	
3.4674e+05	4.7642e-29	4.6745e-27	3.3235e-26	2.6409e-26	5.8989e-27	1.1322e-29	
3.5481e+05	5.5383e-29	5.0541e-27	3.5584e-26	2.6391e-26	5.9093e-27	1.2126e-29	
3.6308e+05	6.3954e-29	5.4446e-27	3.8583e-26	2.6497e-26	5.9258e-27	1.3025e-29	
3.7154e+05	7.3382e-29	5.8441e-27	4.2310e-26	2.6715e-26	5.9465e-27	1.4017e-29	
3.8019e+05	8.3690e-29	6.2501e-27	4.6838e-26	2.7028e-26	5.9700e-27	1.5102e-29	
3.8905e+05	9.4895e-29	6.6597e-27	5.2239e-26	2.7424e-26	5.9947e-27	1.6282e-29	
3.9811e+05	1.0701e-28	7.0699e-27	5.8582e-26	2.7885e-26	6.0195e-27	1.7560e-29	
4.0738e+05	1.2003e-28	7.4773e-27	6.5932e-26	2.8400e-26	6.0434e-27	1.8945e-29	
4.1687e+05	1.3396e-28	7.8780e-27	7.4343e-26	2.8953e-26	6.0654e-27	2.0449e-29	
4.2658e+05	1.4877e-28	8.2677e-27	8.3861e-26	2.9534e-26	6.0848e-27	2.2088e-29	
4.3652e+05	1.6443e-28	8.6422e-27	9.4525e-26	3.0130e-26	6.1012e-27	2.3880e-29	
4.4668e+05	1.8091e-28	8.9974e-27	1.0636e-25	3.0735e-26	6.1142e-27	2.5851e-29	
4.5709e+05	1.9817e-28	9.3292e-27	1.1939e-25	3.1340e-26	6.1240e-27	2.8028e-29	
4.6774e+05	2.1612e-28	9.6332e-27	1.3361e-25	3.1940e-26	6.1303e-27	3.0443e-29	
4.7863e+05	2.3468e-28	9.9050e-27	1.4899e-25	3.2529e-26	6.1331e-27	3.3128e-29	
4.8978e+05	2.5377e-28	1.0141e-26	1.6551e-25	3.3103e-26	6.1328e-27	3.6117e-29	
5.0119e+05	2.7327e-28	1.0338e-26	1.8311e-25	3.3661e-26	6.1296e-27	3.9444e-29	
5.1286e+05	2.9310e-28	1.0492e-26	2.0173e-25	3.4202e-26	6.1241e-27	4.3139e-29	
5.2481e+05	3.1314e-28	1.0603e-26	2.2127e-25	3.4723e-26	6.1167e-27	4.7229e-29	
5.3703e+05	3.3328e-28	1.0667e-26	2.4162e-25	3.5225e-26	6.1079e-27	5.1731e-29	
5.4954e+05	3.5344e-28	1.0685e-26	2.6266e-25	3.5708e-26	6.0983e-27	5.6658e-29	
5.6234e+05	3.7355e-28	1.0656e-26	2.8423e-25	3.6175e-26	6.0886e-27	6.2010e-29	
5.7544e+05	3.9357e-28	1.0582e-26	3.0619e-25	3.6627e-26	6.0793e-27	6.7777e-29	
5.8884e+05	4.1350e-28	1.0467e-26	3.2834e-25	3.7067e-26	6.0709e-27	7.3936e-29	
6.0256e+05	4.3335e-28	1.0312e-26	3.5048e-25	3.7496e-26	6.0638e-27	8.0448e-29	
6.1660e+05	4.5317e-28	1.0121e-26	3.7241e-25	3.7918e-26	6.0586e-27	8.7263e-29	
6.3096e+05	4.7300e-28	9.8992e-27	3.9389e-25	3.8337e-26	6.0557e-27	9.4320e-29	
6.4565e+05	4.9290e-28	9.6489e-27	4.1471e-25	3.8760e-26	6.0557e-27	1.0154e-28	
6.6069e+05	5.1291e-28	9.3737e-27	4.3461e-25	3.9191e-26	6.0591e-27	1.0884e-28	
6.7608e+05	5.3308e-28	9.0768e-27	4.5334e-25	3.9637e-26	6.0663e-27	1.1611e-28	
6.9183e+05	5.5343e-28	8.7612e-27	4.7065e-25	4.0109e-26	6.0781e-27	1.2325e-28	
7.0795e+05	5.7396e-28	8.4297e-27	4.8630e-25	4.0616e-26	6.0954e-27	1.3016e-28	
7.2444e+05	5.9468e-28	8.0846e-27	5.0004e-25	4.1174e-26	6.1193e-27	1.3672e-28	
7.4131e+05	6.1549e-28	7.7277e-27	5.1165e-25	4.1795e-26	6.1508e-27	1.4282e-28	
7.5858e+05	6.3627e-28	7.3611e-27	5.2086e-25	4.2497e-26	6.1908e-27	1.4835e-28	
7.7625e+05	6.5689e-28	6.9867e-27	5.2748e-25	4.3300e-26	6.2410e-27	1.5322e-28	
7.9433e+05	6.7718e-28	6.6069e-27	5.3132e-25	4.4228e-26	6.3031e-27	1.5736e-28	
8.1283e+05	6.9692e-28	6.2244e-27	5.3225e-25	4.5312e-26	6.3791e-27	1.6071e-28	
8.3176e+05	7.1586e-28	5.8416e-27	5.3015e-25	4.6581e-26	6.4713e-27	1.6320e-28	
8.5114e+05	7.3366e-28	5.4611e-27	5.2495e-25	4.8071e-26	6.5819e-27	1.6481e-28	
8.7096e+05	7.5001e-28	5.0857e-27	5.1663e-25	4.9819e-26	6.7136e-27	1.6554e-28	
8.9125e+05	7.6458e-28	4.7180e-27	5.0524e-25	5.1866e-26	6.8691e-27	1.6540e-28	
9.1201e+05	7.7701e-28	4.3608e-27	4.9090e-25	5.4253e-26	7.0514e-27	1.6448e-28	
9.3325e+05	7.8698e-28	4.0163e-27	4.7377e-25	5.7023e-26	7.2638e-27	1.6283e-28	
9.5499e+05	7.9417e-28	3.6868e-27	4.5409e-25	6.0214e-26	7.5095e-27	1.6058e-28	
9.7724e+05	7.9829e-28	3.3740e-27	4.3215e-25	6.3860e-26	7.7922e-27	1.5784e-28	
1.0000e+06	7.9909e-28	3.0794e-27	4.0829e-25	6.7989e-26	8.1157e-27	1.5476e-28	
1.0233e+06	7.9642e-28	2.8042e-27	3.8288e-25	7.2615e-26	8.4845e-27	1.5148e-28	
1.0471e+06	7.9025e-28	2.5493e-27	3.5636e-25	7.7743e-26	8.9039e-27	1.4819e-28	
1.0715e+06	7.8063e-28	2.3150e-27	3.2917e-25	8.3361e-26	9.3799e-27	1.4504e-28	
1.0965e+06	7.6766e-28	2.1012e-27	3.0173e-25	8.9436e-26	9.9197e-27	1.4214e-28	
1.1220e+06	7.5148e-28	1.9075e-27	2.7447e-25	9.5911e-26	1.0531e-26	1.3956e-28	
1.1482e+06	7.3234e-28	1.7329e-27	2.4774e-25	1.0271e-25	1.1224e-26	1.3736e-28	
1.1749e+06	7.1055e-28	1.5762e-27	2.2188e-25	1.0972e-25	1.2008e-26	1.3556e-28	
1.2023e+06	6.8651e-28	1.4360e-27	1.9716e-25	1.1681e-25	1.2897e-26	1.3418e-28	
1.2303e+06	6.6067e-28	1.3110e-27	1.7383e-25	1.2384e-25	1.3903e-26	1.3320e-28	
1.2589e+06	6.3353e-28	1.1994e-27	1.5206e-25	1.3064e-25	1.5040e-26	1.3262e-28	
1.2882e+06	6.0564e-28	1.0998e-27	1.3197e-25	1.3701e-25	1.6321e-26	1.3246e-28	
1.3183e+06	5.7756e-28	1.0107e-27	1.1364e-25	1.4275e-25	1.7759e-26	1.3273e-28	
1.3490e+06	5.4985e-28	9.3057e-28	9.7077e-26	1.4767e-25	1.9361e-26	1.3345e-28	
1.3804e+06	5.2312e-28	8.5829e-28	8.2279e-26	1.5155e-25	2.1133e-26	1.3471e-28	
1.4125e+06	4.9795e-28	7.9277e-28	6.9193e-26	1.5422e-25	2.3073e-26	1.3659e-28	
1.4454e+06	4.7490e-28	7.3313e-28	5.7736e-26	1.5552e-25	2.5172e-26	1.3922e-28	
1.4791e+06	4.5443e-28	6.7857e-28	4.7801e-26	1.5533e-25	2.7408e-26	1.4277e-28	
1.5136e+06	4.3689e-28	6.2850e-28	3.9266e-26	1.5355e-25	2.9748e-26	1.4738e-28	
1.5488e+06	4.2255e-28	5.8244e-28	3.2007e-26	1.5015e-25	3.2144e-26	1.5325e-28	
1.5849e+06	4.1153e-28	5.4005e-28	2.5892e-26	1.4517e-25	3.4537e-26	1.6059e-28	
1.6218e+06	4.0375e-28	5.0105e-28	2.0791e-26	1.3868e-25	3.6853e-26	1.6962e-28	
1.6596e+06	3.9886e-28	4.6516e-28	1.6577e-26	1.3082e-25	3.9000e-26	1.8053e-28	
1.6982e+06	3.9628e-28	4.3216e-28	1.3128e-26	1.2177e-25	4.0879e-26	1.9347e-28	
1.7378e+06	3.9524e-28	4.0184e-28	1.0332e-26	1.1175e-25	4.2386e-26	2.0856e-28	
1.7783e+06	3.9477e-28	3.7399e-28	8.0877e-27	1.0106e-25	4.3422e-26	2.2580e-28	
1.8197e+06	3.9385e-28	3.4841e-28	6.3046e-27	9.0001e-26	4.3904e-26	2.4513e-28	
1.8621e+06	3.9149e-28	3.2496e-28	4.9027e-27	7.8911e-26	4.3781e-26	2.6637e-28	
1.9055e+06	3.8681e-28	3.0345e-28	3.8112e-27	6.8106e-26	4.3031e-26	2.8923e-28	
1.9498e+06	3.7905e-28	2.8370e-28	2.9683e-27	5.7855e-26	4.1664e-26	3.1318e-28	
1.9953e+06	3.6770e-28	2.6546e-28	2.3217e-27	4.8367e-26	3.9719e-26	3.3749e-28	
2.0417e+06	3.5262e-28	2.4854e-28	1.8278e-27	3.9799e-26	3.7273e-26	3.6132e-28	
2.0893e+06	3.3428e-28	2.3281e-28	1.4522e-27	3.2270e-26	3.4456e-26	3.8399e-28	
2.1380e+06	3.1345e-28	2.1814e-28	1.1668e-27	2.5817e-26	3.1409e-26	4.0491e-28	
2.1878e+06	2.9100e-28	2.0443e-28	9.4908e-28	2.0408e-26	2.8265e-26	4.2353e-28	
2.2387e+06	2.6783e-28	1.9158e-28	7.8154e-28	1.5962e-26	2.5137e-26	4.3934e-28	
2.2909e+06	2.4482e-28	1.7951e-28	6.5105e-28	1.2372e-26	2.2118e-26	4.5200e-28	
2.3442e+06	2.2280e-28	1.6816e-28	5.4797e-28	9.5172e-27	1.9280e-26	4.6136e-28	
2.3988e+06	2.0244e-28	1.5748e-28	4.6527e-28	7.2792e-27	1.6672e-26	4.6745e-28	
2.4547e+06	1.8428e-28	1.4745e-28	3.9789e-28	5.5449e-27	1.4321e-26	4.7047e-28	
2.5119e+06	1.6870e-28	1.3805e-28	3.4220e-28	4.2141e-27	1.2237e-26	4.7074e-28	
2.5704e+06	1.5595e-28	1.2927e-28	2.9559e-28	3.2007e-27	1.0414e-26	4.6864e-28	
2.6303e+06	1.4610e-28	1.2108e-28	2.5613e-28	2.4324e-27	8.8349e-27	4.6439e-28	
2.6915e+06	1.3917e-28	1.1345e-28	2.2239e-28	1.8516e-27	7.4762e-27	4.5824e-28	
2.7542e+06	1.3514e-28	1.0637e-28	1.9337e-28	1.4135e-27	6.3150e-27	4.5047e-28	
2.8184e+06	1.3398e-28	9.9823e-29	1.6828e-28	1.0834e-27	5.3286e-27	4.4141e-28	
2.8840e+06	1.3565e-28	9.3786e-29	1.4654e-28	8.3455e-28	4.4945e-27	4.3134e-28	
2.9512e+06	1.4009e-28	8.8237e-29	1.2764e-28	6.4669e-28	3.7909e-27	4.2044e-28	
3.0200e+06	1.4723e-28	8.3148e-29	1.1120e-28	5.0445e-28	3.1984e-27	4.0886e-28	
3.0903e+06	1.5705e-28	7.8495e-29	9.6870e-29	3.9640e-28	2.7003e-27	3.9674e-28	
3.1623e+06	1.6953e-28	7.4254e-29	8.4391e-29	3.1402e-28	2.2821e-27	3.8425e-28	
3.2359e+06	1.8468e-28	7.0403e-29	7.3524e-29	2.5094e-28	1.9313e-27	3.7153e-28	
3.3113e+06	2.0252e-28	6.6916e-29	6.4061e-29	2.0238e-28	1.6370e-27	3.5864e-28	
3.3884e+06	2.2306e-28	6.3768e-29	5.5822e-29	1.6478e-28	1.3901e-27	3.4567e-28	
3.4674e+06	2.4631e-28	6.0937e-29	4.8652e-29	1.3550e-28	1.1828e-27	3.3268e-28	
3.5481e+06	2.7233e-28	5.8403e-29	4.2414e-29	1.1255e-28	1.0088e-27	3.1974e-28	
3.6308e+06	3.0117e-28	5.6146e-29	3.6991e-29	9.4446e-29	8.6265e-28	3.0690e-28	
3.7154e+06	3.3285e-28	5.4148e-29	3.2277e-29	8.0068e-29	7.3988e-28	2.9420e-28	
3.8019e+06	3.6741e-28	5.2391e-29	2.8179e-29	6.8568e-29	6.3667e-28	2.8166e-28	
3.8905e+06	4.0488e-28	5.0862e-29	2.4620e-29	5.9306e-29	5.4986e-28	2.6931e-28	
3.9811e+06	4.4527e-28	4.9548e-29	2.1529e-29	5.1794e-29	4.7682e-28	2.5719e-28	
4.0738e+06	4.8860e-28	4.8442e-29	1.8848e-29	4.5658e-29	4.1535e-28	2.4530e-28	
4.1687e+06	5.3484e-28	4.7539e-29	1.6525e-29	4.0610e-29	3.6359e-28	2.3365e-28	
4.2658e+06	5.8394e-28	4.6838e-29	1.4516e-29	3.6428e-29	3.1998e-28	2.2226e-28	
4.3652e+06	6.3583e-28	4.6345e-29	1.2783e-29	3.2939e-29	2.8323e-28	2.1112e-28	
4.4668e+06	6.9039e-28	4.6073e-29	1.1295e-29	3.0007e-29	2.5224e-28	2.0025e-28	
4.5709e+06	7.4750e-28	4.6047e-29	1.0025e-29	2.7527e-29	2.2610e-28	1.8965e-28	
4.6774e+06	8.0696e-28	4.6301e-29	8.9515e-30	2.5415e-29	2.0402e-28	1.7933e-28	
4.7863e+06	8.6853e-28	4.6885e-29	8.0571e-30	2.3604e-29	1.8535e-28	1.6928e-28	
4.8978e+06	9.3193e-28	4.7871e-29	7.3287e-30	2.2040e-29	1.6953e-28	1.5951e-28	
5.0119e+06	9.9684e-28	4.9352e-29	6.7568e-30	2.0683e-29	1.5610e-28	1.5003e-28	
5.1286e+06	1.0629e-27	5.1455e-29	6.3354e-30	1.9497e-29	1.4466e-28	1.4085e-28	
5.2481e+06	1.1296e-27	5.4343e-29	6.0621e-30	1.8455e-29	1.3487e-28	1.3195e-28	
5.3703e+06	1.1965e-27	5.8226e-29	5.9371e-30	1.7536e-29	1.2645e-28	1.2336e-28	
5.4954e+06	1.2629e-27	6.3371e-29	5.9640e-30	1.6721e-29	1.1914e-28	1.1507e-28	
5.6234e+06	1.3284e-27	7.0115e-29	6.1488e-30	1.5998e-29	1.1274e-28	1.0710e-28	
5.7544e+06	1.3922e-27	7.8876e-29	6.5005e-30	1.5356e-29	1.0708e-28	9.9429e-29	
5.8884e+06	1.4537e-27	9.0166e-29	7.0296e-30	1.4788e-29	1.0200e-28	9.2075e-29	
6.0256e+06	1.5120e-27	1.0461e-28	7.7489e-30	1.4290e-29	9.7372e-29	8.5031e-29	
6.1660e+06	1.5663e-27	1.2294e-28	8.6721e-30	1.3860e-29	9.3090e-29	7.8298e-29	
6.3096e+06	1.6160e-27	1.4605e-28	9.8140e-30	1.3501e-29	8.9063e-29	7.1877e-29	
6.4565e+06	1.6603e-27	1.7497e-28	1.1190e-29	1.3221e-29	8.5220e-29	6.5769e-29	
6.6069e+06	1.6982e-27	2.1087e-28	1.2812e-29	1.3030e-29	8.1498e-29	5.9976e-29	
6.7608e+06	1.7291e-27	2.5508e-28	1.4693e-29	1.2947e-29	7.7848e-29	5.4496e-29	
6.9183e+06	1.7521e-27	3.0904e-28	1.6840e-29	1.3001e-29	7.4233e-29	4.9331e-29	
7.0795e+06	1.7668e-27	3.7435e-28	1.9258e-29	1.3232e-29	7.0628e-29	4.4481e-29	
7.2444e+06	1.7725e-27	4.5265e-28	2.1944e-29	1.3701e-29	6.7014e-29	3.9944e-29	
7.4131e+06	1.7688e-27	5.4561e-28	2.4888e-29	1.4495e-29	6.3382e-29	3.5717e-29	
7.5858e+06	1.7553e-27	6.5484e-28	2.8071e-29	1.5737e-29	5.9729e-29	3.1796e-29	
7.7625e+06	1.7320e-27	7.8180e-28	3.1464e-29	1.7603e-29	5.6060e-29	2.8175e-29	
7.9433e+06	1.6988e-27	9.2769e-28	3.5029e-29	2.0340e-29	5.2385e-29	2.4849e-29	
8.1283e+06	1.6560e-27	1.0933e-27	3.8714e-29	2.4292e-29	4.8720e-29	2.1811e-29	
8.3176e+06	1.6039e-27	1.2790e-27	4.2457e-29	2.9929e-29	4.5083e-29	1.9052e-29	
8.5114e+06	1.5431e-27	1.4841e-27	4.6182e-29	3.7882e-29	4.1493e-29	1.6563e-29	
8.7096e+06	1.4743e-27	1.7074e-27	4.9806e-29	4.8988e-29	3.7973e-29	1.4331e-29	
8.9125e+06	1.3983e-27	1.9467e-27	5.3239e-29	6.4329e-29	3.4547e-29	1.2345e-29	
9.1201e+06	1.3164e-27	2.1987e-27	5.6388e-29	8.5277e-29	3.1241e-29	1.0590e-29	
9.3325e+06	1.2296e-27	2.4588e-27	5.9158e-29	1.1352e-28	2.8076e-29	9.0507e-30	
9.5499e+06	1.1395e-27	2.7216e-27	6.1462e-29	1.5110e-28	2.5075e-29	7.7114e-30	
9.7724e+06	1.0473e-27	2.9806e-27	6.3221e-29	2.0038e-28	2.2255e-29	6.5549e-30	
1.0000e+07	9.5449e-28	3.2285e-27	6.4370e-29	2.6401e-28	1.9632e-29	5.5637e-30	
1.0233e+07	8.6237e-28	3.4576e-27	6.4862e-29	3.4483e-28	1.7217e-29	4.7200e-30	
1.0471e+07	7.7228e-28	3.6604e-27	6.4672e-29	4.4577e-28	1.5015e-29	4.0067e-30	
1.0715e+07	6.8537e-28	3.8295e-27	6.3797e-29	5.6958e-28	1.3030e-29	3.4068e-30	
1.0965e+07	6.0267e-28	3.9583e-27	6.2260e-29	7.1862e-28	1.1257e-29	2.9041e-30	
1.1220e+07	5.2500e-28	4.0416e-27	6.0106e-29	8.9452e-28	9.6911e-30	2.4837e-30	
1.1482e+07	4.5300e-28	4.0756e-27	5.7403e-29	1.0979e-27	8.3203e-30	2.1319e-30	
1.1749e+07	3.8723e-28	4.0596e-27	5.4251e-29	1.3283e-27	7.1330e-30	1.8371e-30	
1.2023e+07	3.2796e-28	3.9947e-27	5.0761e-29	1.5840e-27	6.1141e-30	1.5890e-30	
1.2303e+07	2.7527e-28	3.8839e-27	4.7044e-29	1.8616e-27	5.2467e-30	1.3788e-30	
1.2589e+07	2.2899e-28	3.7318e-27	4.3207e-29	2.1563e-27	4.5124e-30	1.1990e-30	
1.2882e+07	1.8885e-28	3.5445e-27	3.9349e-29	2.4619e-27	3.8934e-30	1.0438e-30	
1.3183e+07	1.5450e-28	3.3298e-27	3.5568e-29	2.7719e-27	3.3738e-30	9.0884e-31	
1.3490e+07	1.2546e-28	3.0962e-27	3.1946e-29	3.0797e-27	2.9383e-30	7.9073e-31	
1.3804e+07	1.0119e-28	2.8515e-27	2.8539e-29	3.3786e-27	2.5730e-30	6.8688e-31	
1.4125e+07	8.1117e-29	2.6030e-27	2.5387e-29	3.6622e-27	2.2655e-30	5.9528e-31	
1.4454e+07	6.4666e-29	2.3569e-27	2.2511e-29	3.9250e-27	2.0052e-30	5.1440e-31	
1.4791e+07	5.1304e-29	2.1186e-27	1.9920e-29	4.1624e-27	1.7835e-30	4.4311e-31	
1.5136e+07	4.0538e-29	1.8924e-27	1.7609e-29	4.3714e-27	1.5935e-30	3.8045e-31	
1.5488e+07	3.1925e-29	1.6811e-27	1.5568e-29	4.5501e-27	1.4293e-30	3.2561e-31	
1.5849e+07	2.5077e-29	1.4865e-27	1.3776e-29	4.6979e-27	1.2865e-30	2.7783e-31	
1.6218e+07	1.9659e-29	1.3097e-27	1.2212e-29	4.8151e-27	1.1616e-30	2.3640e-31	
1.6596e+07	1.5391e-29	1.1504e-27	1.0850e-29	4.9024e-27	1.0515e-30	2.0064e-31	
1.6982e+07	1.2039e-29	1.0081e-27	9.6657e-30	4.9615e-27	9.5400e-31	1.6990e-31	
1.7378e+07	9.4128e-30	8.8201e-28	8.6364e-30	4.9943e-27	8.6731e-31	1.4358e-31	
1.7783e+07	7.3598e-30	7.7094e-28	7.7416e-30	5.0037e-27	7.9001e-31	1.2115e-31	
1.8197e+07	5.7574e-30	6.7362e-28	6.9629e-30	4.9925e-27	7.2094e-31	1.0210e-31	
1.8621e+07	4.5071e-30	5.8865e-28	6.2832e-30	4.9628e-27	6.5905e-31	8.5967e-32	
1.9055e+07	3.5317e-30	5.1464e-28	5.6876e-30	4.9168e-27	6.0346e-31	7.2331e-32	
1.9498e+07	2.7706e-30	4.5032e-28	5.1638e-30	4.8568e-27	5.5343e-31	6.0832e-32	
1.9953e+07	2.1766e-30	3.9452e-28	4.7013e-30	4.7850e-27	5.0836e-31	5.1154e-32	
2.0417e+07	1.7126e-30	3.4615e-28	4.2915e-30	4.7037e-27	4.6773e-31	4.3022e-32	
2.0893e+07	1.3499e-30	3.0424e-28	3.9268e-30	4.6144e-27	4.3103e-31	3.6194e-32	
2.1380e+07	1.0658e-30	2.6790e-28	3.6007e-30	4.5186e-27	3.9784e-31	3.0463e-32	
2.1878e+07	8.4294e-31	2.3637e-28	3.3080e-30	4.4178e-27	3.6779e-31	2.5655e-32	
2.2387e+07	6.6792e-31	2.0899e-28	3.0445e-30	4.3133e-27	3.4056e-31	2.1623e-32	
2.2909e+07	5.3025e-31	1.8520e-28	2.8066e-30	4.2062e-27	3.1585e-31	1.8241e-32	
2.3442e+07	4.2175e-31	1.6448e-28	2.5909e-30	4.0974e-27	2.9340e-31	1.5404e-32	
2.3988e+07	3.3609e-31	1.4642e-28	2.3948e-30	3.9873e-27	2.7297e-31	1.3023e-32	
2.4547e+07	2.6836e-31	1.3062e-28	2.2160e-30	3.8767e-27	2.5435e-31	1.1024e-32	
2.5119e+07	2.1470e-31	1.1679e-28	2.0525e-30	3.7660e-27	2.3735e-31	9.3443e-33	
2.5704e+07	1.7212e-31	1.0466e-28	1.9028e-30	3.6558e-27	2.2181e-31	7.9324e-33	
2.6303e+07	1.3826e-31	9.3979e-29	1.7654e-30	3.5463e-27	2.0758e-31	6.7442e-33	
2.6915e+07	1.1129e-31	8.4563e-29	1.6390e-30	3.4378e-27	1.9452e-31	5.7432e-33	
2.7542e+07	8.9755e-32	7.6240e-29	1.5226e-30	3.3307e-27	1.8254e-31	4.8991e-33	
2.8184e+07	7.2535e-32	6.8865e-29	1.4152e-30	3.2252e-27	1.7154e-31	4.1866e-33	
2.8840e+07	5.8739e-32	6.2316e-29	1.3161e-30	3.1215e-27	1.6139e-31	3.5843e-33	
2.9512e+07	4.7667e-32	5.6485e-29	1.2244e-30	3.0196e-27	1.5201e-31	3.0746e-33	
3.0200e+07	3.8765e-32	5.1280e-29	1.1394e-30	2.9197e-27	1.4334e-31	2.6427e-33	
3.0903e+07	3.1597e-32	4.6624e-29	1.0607e-30	2.8218e-27	1.3530e-31	2.2764e-33	
3.1623e+07	2.5814e-32	4.2448e-29	9.8752e-31	2.7259e-27	1.2783e-31	1.9651e-33	
3.2359e+07	2.1142e-32	3.8695e-29	9.1955e-31	2.6320e-27	1.2089e-31	1.7004e-33	
3.3113e+07	1.7360e-32	3.5315e-29	8.5634e-31	2.5402e-27	1.1442e-31	1.4749e-33	
3.3884e+07	1.4294e-32	3.2263e-29	7.9752e-31	2.4504e-27	1.0839e-31	1.2825e-33	
3.4674e+07	1.1804e-32	2.9504e-29	7.4275e-31	2.3625e-27	1.0275e-31	1.1180e-33	
3.5481e+07	9.7779e-33	2.7004e-29	6.9172e-31	2.2765e-27	9.7463e-32	9.7713e-34	
3.6308e+07	8.1269e-33	2.4735e-29	6.4416e-31	2.1925e-27	9.2508e-32	8.5635e-34	
3.7154e+07	6.7791e-33	2.2672e-29	5.9981e-31	2.1103e-27	8.7853e-32	7.5259e-34	
3.8019e+07	5.6769e-33	2.0793e-29	5.5841e-31	2.0301e-27	8.3475e-32	6.6328e-34	
3.8905e+07	4.7739e-33	1.9079e-29	5.1975e-31	1.9518e-27	7.9352e-32	5.8626e-34	
3.9811e+07	4.0328e-33	1.7513e-29	4.8363e-31	1.8755e-27	7.5464e-32	5.1973e-34	
4.0738e+07	3.4233e-33	1.6080e-29	4.4988e-31	1.8010e-27	7.1794e-32	4.6213e-34	
4.1687e+07	2.9211e-33	1.4767e-29	4.1832e-31	1.7284e-27	6.8324e-32	4.1216e-34	
4.2658e+07	2.5063e-33	1.3564e-29	3.8882e-31	1.6576e-27	6.5041e-32	3.6870e-34	
4.3652e+07	2.1629e-33	1.2460e-29	3.6125e-31	1.5884e-27	6.1929e-32	3.3081e-34	
4.4668e+07	1.8779e-33	1.1446e-29	3.3547e-31	1.5210e-27	5.8977e-32	2.9769e-34	
4.5709e+07	1.6407e-33	1.0514e-29	3.1137e-31	1.4551e-27	5.6172e-32	2.6866e-34	
4.6774e+07	1.4428e-33	9.6569e-30	2.8885e-31	1.3908e-27	5.3506e-32	2.4314e-34	
4.7863e+07	1.2771e-33	8.8679e-30	2.6779e-31	1.3282e-27	5.0969e-32	2.2065e-34	
4.8978e+07	1.1380e-33	8.1414e-30	2.4811e-31	1.2673e-27	4.8553e-32	2.0077e-34	
5.0119e+07	1.0206e-33	7.4719e-30	2.2971e-31	1.2081e-27	4.6252e-32	1.8314e-34	
5.1286e+07	9.2131e-34	6.8549e-30	2.1252e-31	1.1506e-27	4.4069e-32	1.6751e-34	
5.2481e+07	8.3686e-34	6.2862e-30	1.9648e-31	1.0948e-27	4.2008e-32	1.5367e-34	
5.3703e+07	7.6470e-34	5.7619e-30	1.8150e-31	1.0406e-27	4.0039e-32	1.4128e-34	
5.4954e+07	7.0274e-34	5.2786e-30	1.6752e-31	9.8809e-28	3.8158e-32	1.3014e-34	
5.6234e+07	6.4926e-34	4.8330e-30	1.5447e-31	9.3719e-28	3.6359e-32	1.2010e-34	
5.7544e+07	6.0283e-34	4.4223e-30	1.4231e-31	8.8791e-28	3.4639e-32	1.1100e-34	
5.8884e+07	5.6230e-34	4.0439e-30	1.3098e-31	8.4024e-28	3.2995e-32	1.0274e-34	
6.0256e+07	5.2671e-34	3.6953e-30	1.2043e-31	7.9418e-28	3.1421e-32	9.5216e-35	
6.1660e+07	4.9526e-34	3.3743e-30	1.1062e-31	7.4975e-28	2.9917e-32	8.8334e-35	
6.3096e+07	4.6729e-34	3.0788e-30	1.0149e-31	7.0693e-28	2.8477e-32	8.2023e-35	
6.4565e+07	4.4226e-34	2.8070e-30	9.3023e-32	6.6573e-28	2.7101e-32	7.6219e-35	
6.6069e+07	4.1973e-34	2.5572e-30	8.5164e-32	6.2613e-28	2.5785e-32	7.0866e-35	
6.7608e+07	3.9931e-34	2.3277e-30	7.7882e-32	5.8813e-28	2.4527e-32	6.5916e-35	
6.9183e+07	3.8069e-34	2.1172e-30	7.1143e-32	5.5171e-28	2.3325e-32	6.1328e-35	
7.0795e+07	3.6363e-34	1.9241e-30	6.4915e-32	5.1685e-28	2.2176e-32	5.7066e-35	
7.2444e+07	3.4790e-34	1.7473e-30	5.9165e-32	4.8354e-28	2.1079e-32	5.3101e-35	
7.4131e+07	3.3332e-34	1.5855e-30	5.3863e-32	4.5177e-28	2.0032e-32	4.9406e-35	
7.5858e+07	3.1977e-34	1.4376e-30	4.8980e-32	4.2152e-28	1.9033e-32	4.5959e-35	
7.7625e+07	3.0711e-34	1.3024e-30	4.4488e-32	3.9277e-28	1.8081e-32	4.2741e-35	
7.9433e+07	2.9525e-34	1.1791e-30	4.0361e-32	3.6550e-28	1.7174e-32	3.9734e-35	
8.1283e+07	2.8409e-34	1.0666e-30	3.6575e-32	3.3968e-28	1.6311e-32	3.6923e-35	
8.3176e+07	2.7356e-34	9.6425e-31	3.3105e-32	3.1526e-28	1.5490e-32	3.4294e-35	
8.5114e+07	2.6359e-34	8.7113e-31	2.9932e-32	2.9223e-28	1.4709e-32	3.1836e-35	
8.7096e+07	2.5413e-34	7.8655e-31	2.7034e-32	2.7053e-28	1.3968e-32	2.9536e-35	
8.9125e+07	2.4513e-34	7.0981e-31	2.4391e-32	2.5013e-28	1.3264e-32	2.7386e-35	
9.1201e+07	2.3654e-34	6.4027e-31	2.1983e-32	2.3098e-28	1.2595e-32	2.5376e-35	
9.3325e+07	2.2833e-34	5.7732e-31	1.9794e-32	2.1304e-28	1.1961e-32	2.3497e-35	
9.5499e+07	2.2048e-34	5.2040e-31	1.7807e-32	1.9626e-28	1.1360e-32	2.1743e-35	
9.7724e+07	2.1297e-34	4.6899e-31	1.6005e-32	1.8059e-28	1.0790e-32	2.0105e-35	
1.0000e+08	2.0576e-34	4.2260e-31	1.4373e-32	1.6599e-28	1.0251e-32	1.8579e-35	
