TMP           94           131           171          193          211         304           335             
4.00e+000     3.79e-037     1.64e-037     3.53e-032     3.03e-032     1.94e-032     1.21e-033     3.45e-033     
4.05e+000     3.88e-036     1.66e-036     2.72e-031     2.33e-031     1.49e-031     9.38e-033     2.65e-032     
4.10e+000     3.18e-035     1.35e-035     1.64e-030     1.40e-030     8.94e-031     5.64e-032     1.58e-031     
4.15e+000     1.94e-034     8.22e-035     7.13e-030     6.06e-030     3.87e-030     2.45e-031     6.85e-031     
4.20e+000     8.00e-034     3.43e-034     1.94e-029     1.65e-029     1.05e-029     6.70e-031     1.86e-030     
4.25e+000     2.39e-033     1.07e-033     3.31e-029     2.80e-029     1.79e-029     1.15e-030     3.17e-030     
4.30e+000     6.69e-033     3.12e-033     4.43e-029     3.72e-029     2.40e-029     1.55e-030     4.28e-030     
4.35e+000     1.89e-032     9.08e-033     5.83e-029     4.86e-029     3.19e-029     2.09e-030     5.82e-030     
4.40e+000     4.82e-032     2.34e-032     8.42e-029     6.95e-029     4.69e-029     3.13e-030     8.83e-030     
4.45e+000     9.21e-032     4.43e-032     1.26e-028     1.03e-028     7.07e-029     4.93e-030     1.36e-029     
4.50e+000     1.20e-031     5.65e-032     1.76e-028     1.45e-028     9.78e-029     8.44e-030     1.87e-029     
4.55e+000     1.26e-031     5.74e-032     2.41e-028     1.99e-028     1.31e-028     2.02e-029     2.45e-029     
4.60e+000     1.37e-031     5.84e-032     3.43e-028     2.84e-028     1.84e-028     6.30e-029     3.39e-029     
4.65e+000     1.75e-031     6.79e-032     5.18e-028     4.29e-028     2.76e-028     2.02e-028     5.06e-029     
4.70e+000     2.65e-031     9.48e-032     8.17e-028     6.77e-028     4.38e-028     5.96e-028     8.07e-029     
4.75e+000     4.49e-031     1.71e-031     1.29e-027     1.07e-027     7.12e-028     1.56e-027     1.31e-028     
4.80e+000     7.73e-031     4.63e-031     1.97e-027     1.68e-027     1.16e-027     3.50e-027     2.08e-028     
4.85e+000     1.26e-030     1.63e-030     2.87e-027     2.53e-027     1.82e-027     6.32e-027     3.11e-028     
4.90e+000     1.83e-030     5.05e-030     3.92e-027     3.58e-027     2.64e-027     8.48e-027     4.22e-028     
4.95e+000     2.44e-030     1.16e-029     5.02e-027     4.67e-027     3.41e-027     8.50e-027     5.23e-028     
5.00e+000     3.14e-030     2.15e-029     6.17e-027     5.77e-027     4.15e-027     7.12e-027     6.22e-028     
5.05e+000     3.98e-030     3.59e-029     7.47e-027     7.02e-027     5.02e-027     5.56e-027     7.30e-028     
5.10e+000     4.98e-030     5.98e-029     9.17e-027     8.71e-027     6.21e-027     4.28e-027     8.48e-028     
5.15e+000     6.08e-030     1.05e-028     1.17e-026     1.13e-026     7.87e-027     3.35e-027     9.74e-028     
5.20e+000     7.19e-030     1.91e-028     1.57e-026     1.54e-026     9.99e-027     2.68e-027     1.10e-027     
5.25e+000     8.39e-030     3.39e-028     2.16e-026     2.18e-026     1.23e-026     2.20e-027     1.18e-027     
5.30e+000     1.01e-029     5.76e-028     2.98e-026     3.14e-026     1.45e-026     1.85e-027     1.22e-027     
5.35e+000     1.37e-029     9.81e-028     3.97e-026     4.33e-026     1.61e-026     1.57e-027     1.23e-027     
5.40e+000     2.16e-029     1.81e-027     4.87e-026     5.32e-026     1.65e-026     1.31e-027     1.16e-027     
5.45e+000     3.88e-029     3.43e-027     5.14e-026     5.27e-026     1.46e-026     1.01e-027     9.25e-028     
5.50e+000     7.22e-029     5.90e-027     4.84e-026     4.31e-026     1.17e-026     7.18e-028     6.27e-028     
5.55e+000     1.30e-028     9.02e-027     5.59e-026     3.83e-026     1.04e-026     5.17e-028     4.66e-028     
5.60e+000     2.16e-028     1.26e-026     9.31e-026     4.25e-026     1.09e-026     4.01e-028     4.48e-028     
5.65e+000     3.30e-028     1.61e-026     1.74e-025     5.15e-026     1.23e-026     3.31e-028     4.96e-028     
5.70e+000     4.65e-028     1.86e-026     3.05e-025     6.14e-026     1.38e-026     2.87e-028     5.60e-028     
5.75e+000     6.14e-028     1.93e-026     4.80e-025     7.04e-026     1.54e-026     2.62e-028     6.19e-028     
5.80e+000     7.77e-028     1.81e-026     6.72e-025     7.80e-026     1.71e-026     2.47e-028     6.67e-028     
5.85e+000     9.63e-028     1.56e-026     8.38e-025     8.51e-026     1.89e-026     2.38e-028     7.05e-028     
5.90e+000     1.17e-027     1.24e-026     9.25e-025     9.41e-026     2.07e-026     2.31e-028     7.30e-028     
5.95e+000     1.36e-027     8.96e-027     8.89e-025     1.10e-025     2.26e-026     2.22e-028     7.26e-028     
6.00e+000     1.47e-027     5.99e-027     7.27e-025     1.43e-025     2.50e-026     2.14e-028     6.90e-028     
6.05e+000     1.42e-027     3.86e-027     4.95e-025     2.01e-025     2.91e-026     2.20e-028     6.42e-028     
6.10e+000     1.23e-027     2.57e-027     2.79e-025     2.73e-025     3.74e-026     2.66e-028     5.90e-028     
6.15e+000     9.95e-028     1.82e-027     1.31e-025     3.26e-025     5.35e-026     3.54e-028     5.28e-028     
6.20e+000     8.27e-028     1.33e-027     5.31e-026     3.12e-025     7.78e-026     4.28e-028     4.92e-028     
6.25e+000     7.79e-028     1.00e-027     2.35e-026     2.22e-025     9.75e-026     4.05e-028     5.50e-028     
6.30e+000     7.17e-028     7.83e-028     1.77e-026     1.10e-025     9.02e-026     2.99e-028     7.20e-028     
6.35e+000     5.27e-028     6.41e-028     1.82e-026     3.96e-026     5.82e-026     1.91e-028     8.88e-028     
6.40e+000     3.42e-028     5.44e-028     1.48e-026     1.36e-026     2.93e-026     1.18e-028     9.32e-028     
6.45e+000     2.78e-028     4.73e-028     7.67e-027     6.40e-027     1.35e-026     7.44e-029     8.67e-028     
6.50e+000     3.45e-028     4.19e-028     2.94e-027     4.42e-027     6.32e-027     4.98e-029     7.53e-028     
6.55e+000     5.35e-028     3.75e-028     1.34e-027     3.82e-027     3.32e-027     3.61e-029     6.27e-028     
6.60e+000     8.56e-028     3.38e-028     9.98e-028     3.56e-027     2.15e-027     2.82e-029     5.06e-028     
6.65e+000     1.31e-027     3.12e-028     9.10e-028     3.57e-027     1.71e-027     2.36e-029     3.95e-028     
6.70e+000     1.88e-027     3.03e-028     7.80e-028     3.84e-027     1.45e-027     2.14e-029     2.98e-028     
6.75e+000     2.50e-027     3.37e-028     6.04e-028     3.86e-027     1.13e-027     2.04e-029     2.15e-028     
6.80e+000     3.04e-027     4.86e-028     4.61e-028     3.28e-027     7.93e-028     1.97e-029     1.49e-028     
6.85e+000     3.33e-027     9.31e-028     3.81e-028     2.42e-027     5.50e-028     1.85e-029     1.01e-028     
6.90e+000     3.21e-027     1.99e-027     3.51e-028     1.70e-027     3.98e-028     1.66e-029     7.59e-029     
6.95e+000     2.66e-027     3.88e-027     3.51e-028     1.28e-027     3.04e-028     1.42e-029     7.39e-029     
7.00e+000     1.84e-027     6.23e-027     3.52e-028     1.35e-027     2.47e-028     1.14e-029     8.79e-029     
7.05e+000     1.03e-027     7.68e-027     3.33e-028     2.41e-027     2.18e-028     8.83e-030     9.84e-029     
7.10e+000     4.73e-028     7.07e-027     2.93e-028     4.82e-027     2.07e-028     6.75e-030     8.84e-029     
7.15e+000     1.87e-028     4.96e-027     2.55e-028     7.76e-027     2.02e-028     5.32e-030     6.24e-029     
7.20e+000     7.60e-029     2.90e-027     2.28e-028     9.79e-027     1.97e-028     4.38e-030     3.74e-029     
7.25e+000     3.95e-029     1.57e-027     2.11e-028     1.04e-026     1.88e-028     3.72e-030     2.14e-029     
7.30e+000     2.79e-029     8.75e-028     1.99e-028     9.90e-027     1.78e-028     3.22e-030     1.29e-029     
7.35e+000     2.41e-029     5.28e-028     1.89e-028     8.93e-027     1.68e-028     2.80e-030     8.52e-030     
7.40e+000     2.25e-029     3.53e-028     1.80e-028     7.82e-027     1.58e-028     2.44e-030     6.27e-030     
7.45e+000     2.16e-029     2.60e-028     1.72e-028     6.72e-027     1.49e-028     2.12e-030     5.02e-030     
7.50e+000     2.08e-029     2.06e-028     1.64e-028     5.70e-027     1.41e-028     1.86e-030     4.27e-030     
7.55e+000     2.02e-029     1.74e-028     1.58e-028     4.79e-027     1.33e-028     1.63e-030     3.78e-030     
7.60e+000     1.96e-029     1.52e-028     1.51e-028     3.97e-027     1.26e-028     1.44e-030     3.44e-030     
7.65e+000     1.90e-029     1.37e-028     1.45e-028     3.25e-027     1.19e-028     1.28e-030     3.18e-030     
7.70e+000     1.85e-029     1.26e-028     1.39e-028     2.62e-027     1.13e-028     1.15e-030     2.98e-030     
7.75e+000     1.79e-029     1.18e-028     1.34e-028     2.06e-027     1.07e-028     1.04e-030     2.82e-030     
7.80e+000     1.74e-029     1.11e-028     1.28e-028     1.59e-027     1.01e-028     9.42e-031     2.68e-030     
7.85e+000     1.68e-029     1.05e-028     1.23e-028     1.20e-027     9.66e-029     8.61e-031     2.56e-030     
7.90e+000     1.63e-029     1.01e-028     1.19e-028     8.90e-028     9.22e-029     7.90e-031     2.45e-030     
7.95e+000     1.58e-029     9.64e-029     1.14e-028     6.51e-028     8.81e-029     7.28e-031     2.35e-030     
8.00e+000     1.53e-029     9.26e-029     1.10e-028     4.76e-028     8.44e-029     6.73e-031     2.26e-030     
8.05e+000     1.48e-029     8.92e-029     1.06e-028     3.51e-028     8.10e-029     6.24e-031     2.17e-030     
8.10e+000     1.43e-029     8.59e-029     1.02e-028     2.66e-028     7.78e-029     5.80e-031     2.09e-030     
8.15e+000     1.38e-029     8.28e-029     9.83e-029     2.10e-028     7.48e-029     5.40e-031     2.01e-030     
8.20e+000     1.33e-029     7.98e-029     9.46e-029     1.72e-028     7.20e-029     5.05e-031     1.94e-030     
8.25e+000     1.29e-029     7.69e-029     9.11e-029     1.47e-028     6.92e-029     4.72e-031     1.87e-030     
8.30e+000     1.24e-029     7.42e-029     8.78e-029     1.30e-028     6.66e-029     4.43e-031     1.80e-030     
8.35e+000     1.20e-029     7.15e-029     8.45e-029     1.18e-028     6.41e-029     4.16e-031     1.73e-030     
8.40e+000     1.16e-029     6.89e-029     8.14e-029     1.10e-028     6.17e-029     3.92e-031     1.66e-030     
8.45e+000     1.11e-029     6.64e-029     7.83e-029     1.03e-028     5.93e-029     3.70e-031     1.60e-030     
8.50e+000     1.07e-029     6.39e-029     7.54e-029     9.78e-029     5.71e-029     3.49e-031     1.54e-030     
8.55e+000     1.02e-029     6.05e-029     7.13e-029     9.15e-029     5.39e-029     3.25e-031     1.46e-030     
8.60e+000     9.79e-030     5.81e-029     6.84e-029     8.72e-029     5.18e-029     3.08e-031     1.40e-030     
8.65e+000     9.41e-030     5.58e-029     6.57e-029     8.33e-029     4.97e-029     2.91e-031     1.34e-030     
8.70e+000     9.04e-030     5.36e-029     6.30e-029     7.98e-029     4.76e-029     2.76e-031     1.29e-030     
8.75e+000     8.69e-030     5.15e-029     6.05e-029     7.64e-029     4.57e-029     2.62e-031     1.23e-030     
8.80e+000     8.35e-030     4.94e-029     5.80e-029     7.31e-029     4.38e-029     2.48e-031     1.18e-030     
8.85e+000     8.01e-030     4.74e-029     5.56e-029     7.01e-029     4.20e-029     2.36e-031     1.13e-030     
8.90e+000     7.69e-030     4.55e-029     5.33e-029     6.71e-029     4.02e-029     2.24e-031     1.09e-030     
8.95e+000     7.38e-030     4.36e-029     5.11e-029     6.43e-029     3.86e-029     2.13e-031     1.04e-030     
9.00e+000     7.08e-030     4.18e-029     4.90e-029     6.16e-029     3.69e-029     2.03e-031     9.97e-031     
